15  31  31  31  31  31  31  31  31  31  31  31  31  31  31
0   0   1   2   3   4   5   6   0   1   2   3   4   5   6
1   0   1   2   3   4   5   6   0   1   2   3   4   5   6
2   0   1   2   3   4   5   6   0   1   2   3   4   5   6
3   0   1   2   3   4   5   6   0   1   2   3   4   5   6
0   1   2   3   4   5   6   7   1   2   3   4   5   6   7
1   1   2   3   4   5   6   7   1   2   3   4   5   6   7
2   1   2   3   4   5   6   7   1   2   3   4   5   6   7
3   1   2   3   4   5   6   7   1   2   3   4   5   6   7
0   2   3   4   5   6   7   8   2   3   4   5   6   7   8
1   2   3   4   5   6   7   8   2   3   4   5   6   7   8
2   2   3   4   5   6   7   8   2   3   4   5   6   7   8