0    0    1    2    3    4    5    6    7    8    9    10   11   12   31  
0    1    2    3    4    5    6    7    8    9    10   11   12   13   31  
0    2    3    4    5    6    7    8    9    10   11   12   13   14   31  
4    0    1    2    3    4    5    6    7    8    9    10   11   12   31  
4    1    2    3    4    5    6    7    8    9    10   11   12   13   31  
4    2    3    4    5    6    7    8    9    10   11   12   13   14   31  
0    0    1    2    3    4    5    6    7    8    9    10   11   12   31  
0    1    2    3    4    5    6    7    8    9    10   11   12   13   31  
0    2    3    4    5    6    7    8    9    10   11   12   13   14   31  
4    0    1    2    3    4    5    6    7    8    9    10   11   12   31  
4    1    2    3    4    5    6    7    8    9    10   11   12   13   31  
4    2    3    4    5    6    7    8    9    10   11   12   13   14   31  
