0   0   0   0   0   0   0   0   0   0   0   0   0   0   15
1   0   0   0   0   0   0   0   0   0   0   0   0   0   15
2   0   0   0   0   0   0   0   0   0   0   0   0   0   15
0   1   1   1   1   1   1   1   1   1   1   1   1   1   15
1   1   1   1   1   1   1   1   1   1   1   1   1   1   15
2   1   1   1   1   1   1   1   1   1   1   1   1   1   15
0   2   2   2   2   2   2   2   2   2   2   2   2   2   15
1   2   2   2   2   2   2   2   2   2   2   2   2   2   15
2   2   2   2   2   2   2   2   2   2   2   2   2   2   15
0   3   3   3   3   3   3   3   3   3   3   3   3   3   15
1   3   3   3   3   3   3   3   3   3   3   3   3   3   15
2   3   3   3   3   3   3   3   3   3   3   3   3   3   15